Reset Timeout...

Connecting..........................Connected, My IP is: 192.168.1.5
Starting UDP
Transmit NTP Request
us.pool.ntp.org: 204.9.54.119
Receive NTP Response
19:53:10
19:53:15
19:53:20
19:53:25
19:53:30
19:53:35
19:53:40
19:53:45
19:53:50
19:53:55
19:54:00
Downloading Forecast

Closing connection

Temperatures: 
67, 65, 64, 63, 62, 61, 60, 60, 59, 58, 60, 63, 66, 69, 72, 75, 76, 77, 79, 80, 80, 79, 76, 72, 70, 67, 66, 64, 63, 63, 62, 62, 61, 62, 63, 66
Percent Of Precip: 
15, 15, 15, 15, 15, 15, 15, 15, 3, 3, 3, 3, 2, 1, 0, 0, 0, 0, 0, 0, 0, 0, 0, 0, 1, 3, 5, 5, 5, 5, 5, 5, 6, 5, 6, 6
Hours: 
21, 22, 23, 0, 1, 2, 3, 4, 5, 6, 7, 8, 9, 10, 11, 12, 13, 14, 15, 16, 17, 18, 19, 20, 21, 22, 23, 0, 1, 2, 3, 4, 5, 6, 7, 8
Sunrise: 336
Sunset: 1231
19:54:05
19:54:10

